+---------+----------+----------+-----------------+
|   WVK_ID|   X_COORD|   Y_COORD|aantal_ongelukken|
+---------+----------+----------+-----------------+
|312174019|156566.036|385538.299|             1055|
|175309019| 88093.429|455358.977|              886|
|180277016| 90565.745|438919.217|              773|
|155271008| 77752.898|435544.038|              700|
|330327006|166640.421|464289.737|              657|
|600424249|  92897.55|459986.359|              550|
|277306024| 138608.24|453343.774|              511|
|190324080| 93831.521|460699.279|              507|
|600115165| 96556.171|436208.219|              505|
|193277034| 96849.605|435463.155|              500|
+---------+----------+----------+-----------------+